procs -----------------------memory---------------------- ---swap-- -----io---- -system-- --------cpu--------
 r  b         swpd         free         buff        cache   si   so    bi    bo   in   cs  us  sy  id  wa  st
 0  0            0    193775092        39804       685556    0    0     0     0    0    0  27   1  72   0   0
 0  0            0    192082380        85712      2049848    0    0   753     0 1143 25304   0   0 100   0   0
 0  0            0    192014916        94744      2083008    0    0   149     0  554 27772   0   0 100   0   0
 2  0            0    181373336       117980      3161980    0    0   383     0 4752 54581   2   0  98   0   0
 0  0            0    190040000       117980      3725056    0    0     0     0 2803 5033   1   0  98   0   0
 1  0            0    189700620       117980      3724536    0    0     0     0  600 27260   1   0  99   0   0
 1  0            0    189551064       117980      3724352    0    0     0     0 1177 1718   1   0  99   0   0
 0  0            0    190050564       118288      3725872    0    0     5     0  696  857   1   0  99   0   0
 0  0            0    190015672       121932      3749568    0    0    60     0  536 31205   1   0  99   0   0
 1  0            0    189705864       121932      3749564    0    0     0     0  508 29529   1   0  99   0   0
 1  0            0    188756752       121932      3749528    0    0     0     0  525  231   1   0  99   0   0
 0  0            0    190017644       121932      3749612    0    0     0     0  447  268   0   0 100   0   0
 1  0            0    189703240       121932      3749636    0    0     0     0  569 22400   1   0  99   0   0
 1  0            0    188824164       121932      3749604    0    0     0     0  522  228   1   0  99   0   0
19  0            0     80358024       126280      4089636    0    0    72     0 23166 116984  21   5  74   0   0
19  0            0     75993684       126280      4193084    0    0     0     0 19649 103742  16   3  81   0   0
11  0            0     76097988       126280      4221152    0    0     0     0 18158 93852  16   3  81   0   0
15  0            0     75075468       126280      4392212    0    0     0     0 17668 87150  16   3  81   0   0
31  0            0     70112768       126280      8641668    0    0     0     0 20086 98513  19   3  77   0   0
18  0            0     72165704       126280      4995212    0    0     0     0 18840 91970  18   3  79   0   0
12  0            0     71592560       126280      4860284    0    0     0     0 19510 97758  17   3  80   0   0
procs -----------------------memory---------------------- ---swap-- -----io---- -system-- --------cpu--------
 r  b         swpd         free         buff        cache   si   so    bi    bo   in   cs  us  sy  id  wa  st
15  0            0     72455176       126280      5043064    0    0     0     0 20368 104836  17   3  80   0   0
 7  0            0     72122876       126280      5009608    0    0     0     0 17404 88370  15   3  83   0   0
16  0            0     71258512       126280      5332028    0    0     0     0 18075 92714  15   3  82   0   0
15  0            0     70785604       126280      5241680    0    0     0     0 16715 82844  15   3  82   0   0
12  0            0     70234448       126280      5662888    0    0     0     0 15793 78953  13   2  84   0   0
16  0            0     68412252       126280      6626432    0    0     0     0 18246 90983  16   3  81   0   0
16  0            0     65727468       126280      7203668    0    0     0     0 18188 88992  16   3  81   0   0
26  0            0     66546192       126280      7504176    0    0     0     0 20544 102185  17   4  79   0   0
22  0            0     66692312       126280      7905692    0    0     0     0 21371 109406  19   3  78   0   0
18  0            0     67420432       126280      7692816    0    0     0     0 23376 118717  20   4  76   0   0
26  0            0     64617408       126280      8637688    0    0     0     0 28354 141559  25   5  70   0   0
26  0            0     65505552       126280      8245656    0    0     0     0 25362 124847  23   4  72   0   0
18  0            0     65861080       126280      8370568    0    0     0     0 23739 117172  21   4  75   0   0
36  1            0     60166168       126280     12332608    0    0     0     0 28111 136491  25   5  69   0   0
30  0            0     63805368       126280      8888792    0    0     0     0 26301 124328  25   5  70   0   0
21  0            0     63762336       126280      9103000    0    0     0     0 24316 121326  21   4  74   0   0
21  0            0     63584236       126280      9342052    0    0     0     0 23840 122144  20   4  76   0   0
20  0            0     62829272       126280      9363512    0    0     0     0 20895 105510  18   4  79   0   0
18  0            0     62711132       126280      9623164    0    0     0     0 20148 101326  17   3  80   0   0
35  0            0     42926448       126280     18919060    0    0     0     0 26756 91311  37   6  57   0   0
52  0            0     39182900       126280     26670080    0    0     0     0 25324 104884  28   5  67   0   0
procs -----------------------memory---------------------- ---swap-- -----io---- -system-- --------cpu--------
 r  b         swpd         free         buff        cache   si   so    bi    bo   in   cs  us  sy  id  wa  st
18  0            0     58046732       126280     11300260    0    0     0     0 26672 103392  31   6  63   0   0
15  0            0     57823052       126280     11809144    0    0     0     0 22072 105299  20   4  76   0   0
16  0            0     58100388       126280     11812372    0    0     0     0 21007 105277  18   3  79   0   0
33  0            0     58216184       126280     11732304    0    0     0     0 23042 112730  20   4  76   0   0
15  0            0     57982852       126280     11854412    0    0     0     0 21366 107529  17   3  79   0   0
16  0            0     57099140       126280     11835292    0    0     0     0 20184 100231  16   3  81   0   0
22  0            0     57442184       126280     11995680    0    0     0     0 24579 126586  20   4  76   0   0
17  0            0     57692196       126280     12038232    0    0     0     0 25744 131378  22   4  74   0   0
21  0            0     57542352       126280     12181296    0    0     0     0 26445 136234  21   4  75   0   0
28  0            0     57313808       126280     12342132    0    0     0     0 25742 132788  21   4  75   0   0
29  0            0     51045440       126280     14012960    0    0     0     0 29487 127629  28   6  66   0   0
29  0            0     53336224       126280     13310968    0    0     0     0 28677 130781  27   6  67   0   0
45  0            0     52962524       126280     14886404    0    0     0     0 29322 138098  26   6  68   0   0
25  0            0     54169756       126280     13859300    0    0     0     0 28392 135473  24   5  71   0   0
20  0            0     53436600       126280     14185256    0    0     0     0 26602 130933  22   5  73   0   0
23  0            0     53721712       126280     14385596    0    0     0     0 26286 131898  22   4  74   0   0
24  0            0     52665456       126280     14796272    0    0     0     0 28670 136800  25   5  69   0   0
39  0            0     51975484       126280     15457248    0    0     0     0 27581 133335  24   5  71   0   0
28  0            0     51631820       126280     15694656    0    0     0     0 24034 121902  20   4  76   0   0
15  0            0     52719660       126280     15088824    0    0     0     0 27884 135521  24   5  71   0   0
19  0            0     51723356       126280     15639548    0    0     0     0 28534 145378  23   5  72   0   0
procs -----------------------memory---------------------- ---swap-- -----io---- -system-- --------cpu--------
 r  b         swpd         free         buff        cache   si   so    bi    bo   in   cs  us  sy  id  wa  st
16  0            0     50734508       126280     16752108    0    0     0     0 26293 140788  20   4  76   0   0
24  0            0     49143056       126280     18331448    0    0     0     0 26948 142082  21   4  74   0   0
13  0            0     49182664       126280     18153200    0    0     0     0 25623 131822  20   4  76   0   0
24  0            0     49233000       126280     18288456    0    0     0     0 28783 148864  24   4  72   0   0
16  0            0     48694360       126280     18658236    0    0     0     0 26862 134566  22   4  74   0   0
15  0            0     47991668       126280     19418556    0    0     0     0 26149 130827  22   4  74   0   0
20  0            0     47682760       126280     19813004    0    0     0     0 26411 128032  23   5  72   0   0
21  0            0     47607008       126280     19661860    0    0     0     0 25863 134975  20   4  76   0   0
17  0            0     47357808       126280     19649048    0    0     0     0 26842 136712  22   4  74   0   0
13  0            0     46270800       126280     20066776    0    0     0     0 27968 131869  25   5  70   0   0
23  0            0     46734848       126280     20208464    0    0     0     0 26996 135539  23   4  72   0   0
23  0            0     46302040       126280     20599248    0    0     0     0 23042 113242  20   4  75   0   0
19  0            0     45743548       126280     20850648    0    0     0     0 24391 120413  21   4  75   0   0
35  0            0     45243276       126280     21081876    0    0     0     0 25212 125991  22   4  74   0   0
20  0            0     45018588       126280     19905560    0    0     0     0 24684 121386  22   4  74   0   0
26  0            0     45238108       126280     20658140    0    0     0     0 26589 129925  24   5  72   0   0
24  0            0     47129580       126280     19030212    0    0     0     0 24164 115926  21   4  75   0   0
17  0            0     46931640       126280     19216560    0    0     0     0 21399 104894  18   3  78   0   0
21  0            0     47474064       126280     18934176    0    0     0     0 23726 120940  19   4  77   0   0
16  1            0     46757796       126280     18945276    0    0     0     0 21571 108549  18   3  79   0   0
28  0            0     44980032       126280     18996064    0    0     0     0 22660 116679  19   3  78   0   0
procs -----------------------memory---------------------- ---swap-- -----io---- -system-- --------cpu--------
 r  b         swpd         free         buff        cache   si   so    bi    bo   in   cs  us  sy  id  wa  st
21  1            0     43451092       126280     19136124    0    0     0     0 25085 121475  23   4  73   0   0
22  0            0     42092432       126280     20262888    0    0     0     0 24310 116862  22   4  73   0   0
15  0            0     44605468       126280     19140712    0    0     0     0 23092 111035  21   4  75   0   0
27  0            0     43114908       126280     19864200    0    0     0     0 26379 123367  24   5  71   0   0
 5  0            0     44493776       126280     19316468    0    0     0     0 13096 57692  12   2  86   0   0
 6  0            0     44488876       126280     19213532    0    0     0     0 7900 35550   6   1  93   0   0
 6  0            0     44486608       126280     19181720    0    0     0     0 7995 33828   7   1  92   0   0
 5  0            0     44767948       126280     18842980    0    0     0     0 8063 34543   6   1  93   0   0
 6  0            0     46314584       126280     17524568    0    0     0     0 8149 36058   6   1  93   0   0
 5  0            0     46588732       126280     17350596    0    0     0     0 8346 37709   6   1  92   0   0
 5  0            0     46656344       126280     17202984    0    0     0     0 7781 32147   6   1  93   0   0
 6  1            0     46624868       126280     17096720    0    0     0     0 8317 37110   6   1  93   0   0
 7  0            0     46587364       126280     17246628    0    0     0     0 8063 35966   7   1  92   0   0
 3  0            0     46778696       126280     17080460    0    0     0     0 7905 33746   6   1  93   0   0
 8  0            0     46181784       126280     17169300    0    0     0     0 8715 37558   7   1  92   0   0
 6  0            0     45396264       126280     17086748    0    0     0     0 8072 32944   7   1  91   0   0
 4  1            0     46689012       126280     16597464    0    0     0     0 7648 34659   6   1  93   0   0
 6  0            0     47676616       126280     16428264    0    0     0     0 7276 32033   5   1  94   0   0
 5  0            0     47862484       126280     16318148    0    0     0     0 7395 31670   6   1  93   0   0
 5  0            0     47581888       126280     16183488    0    0     0     0 7054 30472   6   1  93   0   0
 5  0            0     47707132       126280     16018260    0    0     0     0 7815 33939   6   1  93   0   0
procs -----------------------memory---------------------- ---swap-- -----io---- -system-- --------cpu--------
 r  b         swpd         free         buff        cache   si   so    bi    bo   in   cs  us  sy  id  wa  st
 5  0            0     47939864       126280     15905828    0    0     0     0 7649 32337   6   1  93   0   0
 6  0            0     48597200       126280     15250548    0    0     0     0 7589 32360   6   1  93   0   0
 5  0            0     49161488       126280     14740684    0    0     0     0 7345 30572   6   1  93   0   0
 3  0            0     49625720       126280     14275760    0    0     0     0 6742 28834   5   1  94   0   0
 5  0            0     49726424       126280     14158980    0    0     0     0 7637 33815   6   1  93   0   0
 7  1            0     49961012       126280     14070600    0    0     0     0 7411 30356   6   1  92   0   0
16  0            0     49531944       126280     14334332    0    0     0     0 19601 95492  17   3  80   0   0
32  0            0     49227684       126280     14517824    0    0     0     0 23744 118643  19   4  77   0   0
29  0            0     47888576       126280     14847220    0    0     0     0 24497 118976  22   4  74   0   0
18  0            0     47967700       126280     14612368    0    0     0     0 21620 100919  21   4  75   0   0
24  1            0     47286904       126280     15386928    0    0     0     0 23175 113179  21   4  75   0   0
22  0            0     48616412       126280     14920776    0    0     0     0 25380 120259  23   4  73   0   0
22  0            0     48020176       126280     14729668    0    0     0     0 24081 117095  21   4  75   0   0
30  0            0     46623452       126280     15272292    0    0     0     0 24746 116259  23   4  72   0   0
29  0            0     46984720       126280     14594384    0    0     0     0 25334 120127  23   5  72   0   0
16  0            0     47889224       126280     14003024    0    0     0     0 18864 92101  16   3  81   0   0
12  0            0     48713700       126280     14160072    0    0     0     0 16044 79070  14   3  83   0   0
13  1            0     48562676       126280     13888128    0    0     0     0 15491 76529  13   3  84   0   0
 9  0            0     49877920       126280     13754308    0    0     0     0 14527 72573  12   2  86   0   0
13  0            0     49773088       126280     13591300    0    0     0     0 14890 74941  12   2  86   0   0
 5  0            0     50300888       126280     13262360    0    0     0     0 14642 71933  12   2  85   0   0
procs -----------------------memory---------------------- ---swap-- -----io---- -system-- --------cpu--------
 r  b         swpd         free         buff        cache   si   so    bi    bo   in   cs  us  sy  id  wa  st
15  0            0     50037880       126280     13504024    0    0     0     0 14834 74322  12   2  86   0   0
12  0            0     50937732       126280     12622416    0    0     0     0 14116 70954  11   2  86   0   0
14  0            0     50613936       126280     12777996    0    0     0     0 14667 72460  12   2  86   0   0
16  0            0     53648352       126280     10184920    0    0     0     0 21452 109414  16   3  80   0   0
17  0            0     53451008       126280     10469656    0    0     0     0 22324 111655  19   4  78   0   0
11  0            0     53105788       126280     10408432    0    0     0     0 18717 90831  15   3  82   0   0
20  1            0     52419136       126280     11247544    0    0     0     0 20896 99352  19   3  78   0   0
11  0            0     53383936       126280      9865612    0    0     0     0 17940 84651  16   3  81   0   0
15  0            0     53049240       126280     10353604    0    0     0     0 18081 87138  16   3  81   0   0
19  0            0     52729436       126280     10207992    0    0     0     0 16681 76440  16   3  81   0   0
18  0            0     53190216       126280     10263352    0    0     0     0 17828 84532  16   3  81   0   0
29  0            0     53288144       126280     10115092    0    0     0     0 18725 92869  16   3  81   0   0
20  0            0     51618380       126280     10606740    0    0     0     0 19149 90791  17   3  79   0   0
18  0            0     51385516       126280     10202784    0    0     0     0 19205 90055  18   4  78   0   0
18  0            0     52834176       126280     10576276    0    0     0     0 16619 81194  14   3  83   0   0
 6  0            0     53298144       126280     10022692    0    0     0     0 14812 71004  13   3  84   0   0
16  0            0     50747332       126280     10080660    0    0     0     0 15943 74005  15   3  82   0   0
20  1            0     52749652       126280     10844716    0    0     0     0 16860 83365  15   3  82   0   0
33  1            0     48230804       126280     13819500    0    0     0     0 21292 99694  20   4  76   0   0
35  0            0     48369132       126280     10752724    0    0     0     0 28253 118039  28   6  65   0   0
31  0            0     48648800       126280     13454748    0    0     0     0 25355 118267  23   5  72   0   0
procs -----------------------memory---------------------- ---swap-- -----io---- -system-- --------cpu--------
 r  b         swpd         free         buff        cache   si   so    bi    bo   in   cs  us  sy  id  wa  st
27  1            0     48906844       126280     12007700    0    0     0     0 27169 123482  25   5  70   0   0
12  0            0     51189472       126280     10934952    0    0     0     0 24149 113309  21   4  74   0   0
22  1            0     52097152       126280     11220708    0    0     0     0 25068 118344  23   4  73   0   0
19  0            0     48159864       126280     11999472    0    0     0     0 26200 116396  25   5  70   0   0
22  0            0     50797008       126280     11663236    0    0     0     0 29593 139918  26   5  69   0   0
40  0            0     50244068       126280     11967388    0    0     0     0 28576 131990  26   5  68   0   0
24  0            0     50893744       126280     11757688    0    0     0     0 30612 144800  26   5  68   0   0
27  0            0     51134872       126280     11694216    0    0     0     0 29192 140719  26   5  69   0   0
29  0            0     50703452       126280     12070168    0    0     0     0 27923 135710  24   5  71   0   0
13  0            0     50825816       126280     11677356    0    0     0     0 26668 131190  22   4  74   0   0
19  1            0     50620548       126280     11930408    0    0     0     0 28066 141297  23   4  73   0   0
24  0            0     50646236       126280     12080344    0    0     0     0 29378 141771  25   5  70   0   0
31  1            0     47687640       126280     14533212    0    0     0     0 28070 135747  25   5  71   0   0
21  0            0     50143968       126280     12563840    0    0     0     0 29408 139491  26   5  69   0   0
27  0            0     49368764       126280     12802312    0    0     0     0 29063 142490  24   5  71   0   0
26  0            0     49248068       126280     12689960    0    0     0     0 29089 135895  26   5  69   0   0
15  0            0     49064736       126280     12996252    0    0     0     0 28242 131697  26   5  69   0   0
20  0            0     47734768       126280     13257252    0    0     0     0 28209 135851  25   5  70   0   0
17  0            0     48850992       126280     13290000    0    0     0     0 28240 135410  25   5  70   0   0
20  0            0     48317004       126280     13217824    0    0     0     0 27609 131124  24   5  71   0   0
18  0            0     48652248       126280     13325596    0    0     0     0 25538 124917  22   4  74   0   0
procs -----------------------memory---------------------- ---swap-- -----io---- -system-- --------cpu--------
 r  b         swpd         free         buff        cache   si   so    bi    bo   in   cs  us  sy  id  wa  st
26  0            0     48265228       126280     13580648    0    0     0     0 27752 135856  24   4  72   0   0
26  0            0     47716140       126280     14032096    0    0     0     0 26389 127133  23   4  72   0   0
30  1            0     45003688       126280     14889620    0    0     0     0 25550 118791  23   4  72   0   0
24  0            0     47000956       126280     14397880    0    0     0     0 24145 117105  21   4  74   0   0
16  1            0     46459640       126280     14932144    0    0     0     0 22202 109621  18   3  78   0   0
10  0            0     46987628       126280     14292252    0    0     0     0 17129 81775  15   3  82   0   0
15  0            0     46805340       126280     14379632    0    0     0     0 17304 84364  15   3  82   0   0
10  0            0     46830176       126280     14512744    0    0     0     0 17889 85453  16   3  81   0   0
 9  0            0     46864268       126280     14471220    0    0     0     0 17287 85865  15   3  82   0   0
13  0            0     46797224       126280     14486584    0    0     0     0 16071 77407  14   3  83   0   0
 7  0            0     46683236       126280     14417672    0    0     0     0 17409 84969  15   3  82   0   0
 6  1            0     46696576       126280     14372256    0    0     0     0 15859 75979  14   3  84   0   0
16  2            0     46133112       126280     14804796    0    0     0     0 16757 80119  15   3  82   0   0
11  0            0     46161456       126280     14338328    0    0     0     0 15723 72563  14   3  83   0   0
26  0            0     46774372       126280     14487276    0    0     0     0 13256 65616  11   2  86   0   0
21  0            0     44480976       126280     14855928    0    0     0     0 16031 75264  14   3  83   0   0
 5  0            0     47645456       126280     13908556    0    0     0     0 14508 69572  13   2  85   0   0
13  0            0     47943640       126280     13679744    0    0     0     0 18325 93838  15   3  83   0   0
15  1            0     47264148       126280     13881304    0    0     0     0 17012 79548  15   3  82   0   0
17  0            0     47582100       126280     13768664    0    0     0     0 15530 77271  13   2  84   0   0
13  0            0     47429596       126280     13788388    0    0     0     0 15755 75348  14   3  84   0   0
procs -----------------------memory---------------------- ---swap-- -----io---- -system-- --------cpu--------
 r  b         swpd         free         buff        cache   si   so    bi    bo   in   cs  us  sy  id  wa  st
11  0            0     46443784       126280     14050252    0    0     0     0 15264 71168  14   3  83   0   0
13  0            0     47713992       126280     13974856    0    0     0     0 15541 78149  13   2  85   0   0
14  0            0     47162748       126280     14186520    0    0     0     0 15894 78338  14   3  84   0   0
10  0            0     45665224       126280     14198180    0    0     0     0 15916 75490  14   3  83   0   0
15  0            0     45895636       126280     14693256    0    0     0     0 15425 70867  14   3  83   0   0
13  0            0     47167068       126280     14195260    0    0     0     0 16425 79103  14   3  84   0   0
13  0            0     46601592       126280     14204796    0    0     0     0 16658 78822  15   3  82   0   0
14  0            0     46596304       126280     14433788    0    0     0     0 15176 73156  13   3  84   0   0
 9  0            0     47294940       126280     13984560    0    0     0     0 14292 69747  12   2  86   0   0
11  0            0     47181184       126280     13926784    0    0     0     0 16289 80652  12   2  85   0   0
12  1            0     47300572       126280     13918772    0    0     0     0 16025 80778  13   2  85   0   0
14  0            0     47426136       126280     13804516    0    0     0     0 16736 84240  13   2  84   0   0
13  0            0     47624132       126280     13637388    0    0     0     0 16395 81641  13   2  84   0   0
17  0            0     46714160       126280     13954716    0    0     0     0 17592 85317  15   3  82   0   0
10  0            0     48079244       126280     13530652    0    0     0     0 15806 75121  14   2  83   0   0
16  1            0     47791072       126280     13424636    0    0     0     0 15046 75176  12   2  86   0   0
13  0            0     48147044       126280     13187616    0    0     0     0 17546 87349  15   3  82   0   0
15  0            0     47713332       126280     13503228    0    0     0     0 15829 78461  14   3  84   0   0
13  0            0     48081116       126280     13130108    0    0     0     0 15390 76650  13   2  85   0   0
12  0            0     48189476       126280     13157016    0    0     0     0 17294 85500  15   3  83   0   0
15  0            0     48363608       126280     12854780    0    0     0     0 15822 80448  12   2  85   0   0
procs -----------------------memory---------------------- ---swap-- -----io---- -system-- --------cpu--------
 r  b         swpd         free         buff        cache   si   so    bi    bo   in   cs  us  sy  id  wa  st
14  0            0     48389232       126280     12796108    0    0     0     0 16265 83139  13   2  85   0   0
 6  0            0     49333648       126280     12157424    0    0     0     0 12900 61817  12   2  86   0   0
13  0            0     49451136       126280     11821540    0    0     0     0 15480 78230  12   2  86   0   0
16  0            0     49420364       126280     11817516    0    0     0     0 15564 76840  13   2  84   0   0
23  0            0     49689112       126280     11741272    0    0     0     0 20748 102127  18   3  79   0   0
 9  0            0     49213048       126280     11442408    0    0     0     0 20736 99269  18   3  78   0   0
21  0            0     49798984       126280     11480312    0    0     0     0 19804 97852  16   3  80   0   0
15  0            0     50414340       126280     11004168    0    0     0     0 21487 106157  18   3  79   0   0
26  0            0     50390204       126280     10953944    0    0     0     0 20055 102823  16   3  80   0   0
21  0            0     51043096       126280     10691228    0    0     0     0 21826 108727  18   3  78   0   0
15  0            0     51062864       126280     10496844    0    0     0     0 20070 99935  16   3  81   0   0
14  0            0     51225856       126280     10379864    0    0     0     0 21393 106611  18   3  79   0   0
10  0            0     51334308       126280     10330740    0    0     0     0 20800 106050  17   3  79   0   0
18  0            0     50996456       126280     10621000    0    0     0     0 19596 98998  16   3  81   0   0
16  0            0     50964148       126280     10541100    0    0     0     0 21928 108602  18   3  78   0   0
13  0            0     51332356       126280     10359828    0    0     0     0 21480 106099  18   3  78   0   0
 9  0            0     51423728       126280     10081240    0    0     0     0 20787 102047  17   3  79   0   0
19  0            0     51017568       126280     10423456    0    0     0     0 20800 101773  18   3  79   0   0
23  0            0     49978052       126280     10646636    0    0     0     0 26516 129289  22   4  73   0   0
24  0            0     47395024       126280     11543416    0    0     0     0 26423 122288  24   5  71   0   0
15  0            0     52018776       126280      9922580    0    0     0     0 23281 111055  20   4  76   0   0
procs -----------------------memory---------------------- ---swap-- -----io---- -system-- --------cpu--------
 r  b         swpd         free         buff        cache   si   so    bi    bo   in   cs  us  sy  id  wa  st
23  0            0     50477120       126280     11084844    0    0     0     0 24425 127305  19   4  77   0   0
23  0            0     49960720       126280     11534172    0    0     0     0 22899 117356  18   3  79   0   0
26  0            0     49904320       126280     11662676    0    0     0     0 25235 125193  22   4  74   0   0
13  0            0     50377772       126280     11090696    0    0     0     0 23763 118344  20   4  77   0   0
22  0            0     50288992       126280     11237304    0    0     0     0 25783 129288  21   4  75   0   0
26  0            0     50191036       126280     11132456    0    0     0     0 23778 120012  20   3  77   0   0
30  0            0     49103328       126280     11966900    0    0     0     0 25488 123120  21   4  75   0   0
13  0            0     46526176       126280     11229996    0    0     0     0 26356 114918  25   5  69   0   0
21  0            0     49431400       126280     11669616    0    0     0     0 25158 123754  22   4  74   0   0
20  0            0     49824072       126280     11515864    0    0     0     0 23774 114851  21   4  75   0   0
26  1            0     49503140       126280     11624252    0    0     0     0 24271 117911  21   4  75   0   0
16  0            0     49251440       126280     11560836    0    0     0     0 26744 122612  25   5  70   0   0
19  0            0     48505456       126280     12128748    0    0     0     0 25978 126632  23   4  73   0   0
36  0            0     44230388       126280     14106664    0    0     0     0 24610 118737  22   4  74   0   0
24  0            0     49205844       126280     11998024    0    0     0     0 27321 130243  24   5  71   0   0
10  0            0     49203068       126280     12029368    0    0     0     0 26158 125916  23   4  72   0   0
23  0            0     48068976       126280     12436476    0    0     0     0 29205 141390  24   5  71   0   0
24  0            0     48612144       126280     12201212    0    0     0     0 27566 132646  24   5  71   0   0
33  0            0     48534880       126280     12194556    0    0     0     0 25817 129633  21   4  75   0   0
36  0            0     48290016       126280     12347288    0    0     0     0 26996 132540  23   4  72   0   0
22  1            0     48449904       126280     12254004    0    0     0     0 26952 136052  22   4  74   0   0
procs -----------------------memory---------------------- ---swap-- -----io---- -system-- --------cpu--------
 r  b         swpd         free         buff        cache   si   so    bi    bo   in   cs  us  sy  id  wa  st
26  1            0     48052716       126280     12428996    0    0     0     0 26180 127695  22   4  74   0   0
13  0            0     48594948       126280     12155840    0    0     0     0 23786 117068  20   4  76   0   0
24  0            0     48864444       126280     12148416    0    0     0     0 26150 129803  22   4  74   0   0
 5  0            0     48444336       126280     12271608    0    0     0     0 25260 121975  22   4  74   0   0
27  0            0     47781720       126280     12771596    0    0     0     0 25078 124761  21   4  75   0   0
 3  0            0     48344764       126280     12389232    0    0     0     0 25499 124025  22   4  74   0   0
12  1            0     46689492       126280     12489916    0    0     0     0 26104 121915  23   5  72   0   0
20  0            0     48532180       126280     12159360    0    0     0     0 23310 117109  18   3  79   0   0
20  1            0     48241956       126280     12114532    0    0     0     0 24451 122018  19   3  78   0   0
19  0            0     48362552       126280     12180552    0    0     0     0 25028 120147  21   4  74   0   0
14  0            0     47575704       126280     12680704    0    0     0     0 27007 123090  26   5  69   0   0
26  0            0     47746384       126280     12835504    0    0     0     0 25275 126852  21   4  75   0   0
29  0            0     47454124       126280     13066712    0    0     0     0 23311 115177  20   4  76   0   0
33  0            0     42590224       126280     16366896    0    0     0     0 24449 113264  22   4  73   0   0
14  0            0     48170000       126280     12991860    0    0     0     0 17814 86182  15   3  83   0   0
12  0            0     47940252       126280     13049172    0    0     0     0 17854 89897  14   3  83   0   0
14  0            0     47977252       126280     12953884    0    0     0     0 16849 82860  13   2  85   0   0
25  0            0     48134284       126280     12843120    0    0     0     0 16910 86222  13   2  84   0   0
 7  0            0     48223708       126280     12807848    0    0     0     0 18098 91851  14   3  83   0   0
18  0            0     48387252       126280     12703116    0    0     0     0 15556 79822  12   2  86   0   0
20  0            0     47299896       126280     13071512    0    0     0     0 18676 90967  16   3  81   0   0
procs -----------------------memory---------------------- ---swap-- -----io---- -system-- --------cpu--------
 r  b         swpd         free         buff        cache   si   so    bi    bo   in   cs  us  sy  id  wa  st
15  0            0     47523452       126280     13058852    0    0     0     0 19412 92795  18   3  79   0   0
16  0            0     44715164       126280     13032552    0    0     0     0 18510 89969  17   3  80   0   0
11  0            0     46235616       126280     13486388    0    0     0     0 16378 76663  16   3  81   0   0
15  0            0     45115684       126280     13382060    0    0     0     0 20353 95144  20   4  76   0   0
14  0            0     46616948       126280     13468188    0    0     0     0 17628 86352  17   3  80   0   0
20  0            0     45080292       126280     14834692    0    0     0     0 18609 90145  17   3  79   0   0
24  0            0     46501232       126280     14036360    0    0     0     0 19112 92174  17   3  79   0   0
13  1            0     44896580       126280     13823312    0    0     0     0 17848 82645  17   3  80   0   0
13  0            0     45831140       126280     13937128    0    0     0     0 16449 80766  15   3  82   0   0
14  0            0     45900656       126280     13849108    0    0     0     0 18434 90034  17   3  80   0   0
17  0            0     45760252       126280     14087892    0    0     0     0 18483 91403  16   3  81   0   0
14  0            0     45936920       126280     13963064    0    0     0     0 15581 76549  14   2  84   0   0
21  0            0     45767536       126280     14167428    0    0     0     0 19785 96915  17   3  79   0   0
21  0            0     45328108       126280     14436708    0    0     0     0 18087 88384  16   3  81   0   0
13  0            0     45708264       126280     14342544    0    0     0     0 17043 82878  16   3  81   0   0
30  1            0     45049752       126280     14639252    0    0     0     0 19542 97081  16   3  80   0   0
22  0            0     45420788       126280     14509368    0    0     0     0 17772 82595  17   3  80   0   0
20  0            0     43755076       126280     14328896    0    0     0     0 17970 81887  17   3  80   0   0
 9  0            0     42890316       126280     14530736    0    0     0     0 17668 82433  16   3  81   0   0
 9  0            0     45142180       126280     14412992    0    0     0     0 20566 102527  16   3  81   0   0
25  0            0     45089432       126280     14407452    0    0     0     0 25523 130332  19   4  77   0   0
procs -----------------------memory---------------------- ---swap-- -----io---- -system-- --------cpu--------
 r  b         swpd         free         buff        cache   si   so    bi    bo   in   cs  us  sy  id  wa  st
21  0            0     45444140       126280     14250144    0    0     0     0 23629 120862  19   3  78   0   0
26  0            0     45723252       126280     14079016    0    0     0     0 23075 115163  19   3  78   0   0
25  2            0     45994108       126280     13787336    0    0     0     0 20416 101317  17   3  80   0   0
14  1            0     47517832       126280     12336076    0    0     0     0 22670 114077  19   3  77   0   0
 7  0            0     47730964       126280     12249216    0    0     0     0 21035 103378  17   3  80   0   0
13  0            0     47757852       126280     12219980    0    0     0     0 21642 107703  18   3  78   0   0
22  0            0     47522740       126280     12315624    0    0     0     0 22450 115090  18   3  79   0   0
28  1            0     44954000       126280     13696828    0    0     0     0 23477 114800  20   4  76   0   0
22  0            0     47154544       126280     12844832    0    0     0     0 21041 104004  18   3  79   0   0
20  0            0     47458868       126280     12457412    0    0     0     0 21701 106415  19   4  77   0   0
25  0            0     47507924       126280     12506528    0    0     0     0 23762 116113  20   4  76   0   0
30  0            0     47256668       126280     12892056    0    0     0     0 22949 110165  20   4  76   0   0
23  0            0     48074416       126280     12206612    0    0     0     0 21691 103793  18   3  78   0   0
20  1            0     48016324       126280     12148568    0    0     0     0 22363 108344  20   4  76   0   0
17  0            0     48050596       126280     12231096    0    0     0     0 21907 106786  19   3  78   0   0
24  0            0     47918652       126280     12093948    0    0     0     0 27283 130726  24   5  72   0   0
11  0            0     48021964       126280     12136228    0    0     0     0 25467 124564  22   4  74   0   0
26  0            0     48432092       126280     11804196    0    0     0     0 27855 139695  22   4  73   0   0
23  0            0     47860408       126280     12033832    0    0     0     0 26979 130581  23   4  73   0   0
22  0            0     48254104       126280     11716720    0    0     0     0 26397 132221  22   4  74   0   0
23  0            0     48441608       126280     11604468    0    0     0     0 26884 134510  22   4  73   0   0
procs -----------------------memory---------------------- ---swap-- -----io---- -system-- --------cpu--------
 r  b         swpd         free         buff        cache   si   so    bi    bo   in   cs  us  sy  id  wa  st
27  0            0     48224288       126280     11708960    0    0     0     0 26375 131286  22   4  75   0   0
29  0            0     48405504       126280     12017860    0    0     0     0 28393 131920  25   5  70   0   0
14  0            0     48522944       126280     12043560    0    0     0     0 29116 139197  26   5  69   0   0
14  0            0     48357996       126280     11906520    0    0     0     0 28042 134304  24   5  71   0   0
20  0            0     47436208       126280     12274960    0    0     0     0 26693 132250  23   4  73   0   0
25  0            0     46901192       126280     12627156    0    0     0     0 26963 131060  24   4  72   0   0
 8  0            0     48165044       126280     11728976    0    0     0     0 24580 120390  22   4  74   0   0
14  0            0     48141000       126280     11704664    0    0     0     0 21206 107245  17   3  79   0   0
27  1            0     46970428       126280     12832532    0    0     0     0 21347 102669  19   4  78   0   0
19  0            0     47360876       126280     11847612    0    0     0     0 17941 84145  16   3  81   0   0
10  0            0     48559740       126280     11768044    0    0     0     0 12996 59979  12   2  86   0   0
22  0            0     48327760       126280     11847316    0    0     0     0 15989 81314  13   3  84   0   0
 5  0            0     49131920       126280     11076980    0    0     0     0 19597 95202  17   3  79   0   0
12  0            0     49306108       126280     11024596    0    0     0     0 7475 35968   6   1  93   0   0
 8  0            0     49402608       126280     10827608    0    0     0     0 7687 34726   6   1  92   0   0
 5  0            0     49556248       126280     10644504    0    0     0     0 7239 33729   6   1  93   0   0
 5  0            0     49590916       126280     10616604    0    0     0     0 7461 33610   6   1  93   0   0
 6  0            0     49735608       126280     10523376    0    0     0     0 6992 31702   6   1  93   0   0
 8  0            0     49764792       126280     10489240    0    0     0     0 8163 37977   6   1  92   0   0
 8  0            0     49066884       126280     10839260    0    0     0     0 7918 35741   7   1  92   0   0
 5  0            0     49223020       126280     10560252    0    0     0     0 7845 33810   7   1  92   0   0
procs -----------------------memory---------------------- ---swap-- -----io---- -system-- --------cpu--------
 r  b         swpd         free         buff        cache   si   so    bi    bo   in   cs  us  sy  id  wa  st
 5  0            0     49763548       126280     10488052    0    0     0     0 7373 33687   6   1  93   0   0
 5  0            0     49864840       126280     10524200    0    0     0     0 7256 33634   6   1  93   0   0
 5  0            0     49876476       126280     10303056    0    0     0     0 8018 36931   6   1  93   0   0
 5  0            0     49849664       126280     10160104    0    0     0     0 7350 33672   6   1  92   0   0
 5  0            0     50053992       126280     10031408    0    0     0     0 7748 33854   7   1  92   0   0
 5  0            0     50224468       126280      9791004    0    0     0     0 7352 33831   7   1  92   0   0
13  0            0     50665540       126312      9652600    0    0     1     0 8057 37287   7   1  91   0   0
 5  0            0     50710404       126312      9517272    0    0     0     0 7945 36654   7   1  92   0   0
 6  0            0     50803116       126312      9255468    0    0     0     0 7924 36975   7   1  92   0   0
 5  0            0     50835496       126312      9230044    0    0     0     0 7472 33851   7   1  92   0   0
 5  0            0     50958804       126312      8943848    0    0     0     0 7393 33625   6   1  93   0   0
 5  0            0     51032108       126312      9037540    0    0     0     0 6898 30525   6   1  93   0   0
 4  1            0     51174192       126312      8845936    0    0     0     0 7540 33550   6   1  92   0   0
 8  1            0     49535128       126312      9347312    0    0     0     0 7939 33875   7   1  92   0   0
 5  0            0     49996976       126312      8778708    0    0     0     0 7693 33917   7   1  92   0   0
 5  0            0     51616932       126312      8649208    0    0     0     0 8052 37246   7   1  92   0   0
10  0            0     51792872       126312      8542416    0    0     0     0 7729 36601   7   1  92   0   0
 8  0            0     51637688       126312      8685584    0    0     0     0 7318 33904   7   1  92   0   0
 9  0            0     51791868       126312      8319344    0    0     0     0 8366 37099   7   1  91   0   0
 5  0            0     51988700       126312      8124340    0    0     0     0 7782 33926   7   1  92   0   0
 6  0            0     52484772       126312      7918540    0    0     0     0 7181 33416   6   1  93   0   0
procs -----------------------memory---------------------- ---swap-- -----io---- -system-- --------cpu--------
 r  b         swpd         free         buff        cache   si   so    bi    bo   in   cs  us  sy  id  wa  st
 5  0            0     52404092       126312      8034276    0    0     0     0 7587 34073   6   1  93   0   0
12  0            0     52389556       126312      7917472    0    0     0     0 7320 34270   6   1  93   0   0
 6  0            0     52368492       126312      7640016    0    0     0     0 7669 36607   6   1  93   0   0
 5  0            0     50655096       126312      7696392    0    0     0     0 8207 34267   8   2  91   0   0
 4  0            0     50908928       126312      7710440    0    0     0     0 6824 30367   6   1  93   0   0
12  0            0     51808316       126312      8108228    0    0     0     0 18917 89604  16   3  80   0   0
 5  0            0     52458816       126312      7840404    0    0     0     0 25530 124323  21   4  75   0   0
17  0            0     52600396       126312      7744192    0    0     0     0 23407 118927  19   4  77   0   0
24  2            0     51828724       126312      8483628    0    0     0     0 27906 137071  23   5  72   0   0
25  0            0     51998352       126312      8138360    0    0     0     0 27662 133695  24   5  71   0   0
25  0            0     52307968       126312      8089608    0    0     0     0 27494 132478  24   5  71   0   0
27  0            0     51772120       126312      8344104    0    0     0     0 25320 122207  22   4  74   0   0
32  0            0     49024188       126312      9049360    0    0     0     0 23218 110667  20   4  76   0   0
42  1            0     45860500       126312     13271224    0    0     0     0 27209 124379  25   5  70   0   0
29  0            0     50167756       126312      9352556    0    0     0     0 26210 121381  23   5  72   0   0
13  0            0     50519284       126312      9103500    0    0     0     0 26813 115034  27   5  68   0   0
20  0            0     51379700       126312      8696108    0    0     0     0 26152 118897  24   5  71   0   0
36  0            0     50833964       126312      9074620    0    0     0     0 23731 118251  19   4  77   0   0
32  0            0     50406204       126312      9550460    0    0     0     0 25192 124470  21   4  75   0   0
27  0            0     48848008       126312      9575804    0    0     0     0 26580 123002  25   5  70   0   0
13  1            0     50231608       126312      9437096    0    0     0     0 25768 115035  26   5  69   0   0
procs -----------------------memory---------------------- ---swap-- -----io---- -system-- --------cpu--------
 r  b         swpd         free         buff        cache   si   so    bi    bo   in   cs  us  sy  id  wa  st
13  0            0     50205036       126312      9371256    0    0     0     0 24566 113804  22   5  73   0   0
29  0            0     50325112       126312      9644172    0    0     0     0 25003 120862  22   4  74   0   0
24  0            0     49899352       126312      9833052    0    0     0     0 24100 116213  21   4  75   0   0
23  0            0     50028324       126312      9670100    0    0     0     0 28199 132178  25   5  70   0   0
23  0            0     50318448       126312      9619152    0    0     0     0 24642 118164  21   4  74   0   0
29  0            0     50174708       126312      9729636    0    0     0     0 27866 131272  25   5  71   0   0
30  0            0     48452812       126312     10866168    0    0     0     0 29838 138457  27   5  68   0   0
31  1            0     49171496       126312     10220288    0    0     0     0 29599 141516  26   5  69   0   0
30  0            0     47148256       126312     11688272    0    0     0     0 30111 137588  27   5  68   0   0
43  1            0     42608024       126312     13212116    0    0     0     0 35081 133807  37   7  56   0   0
30  3            0     47691804       126312     11818736    0    0     0     0 31012 128296  32   6  61   0   0
33  0            0     47474452       126312     11827800    0    0     0     0 30394 137738  28   6  66   0   0
37  2            0     47793560       126312     11635992    0    0     0     0 29444 144291  26   5  69   0   0
34  0            0     47842108       126312     11435836    0    0     0     0 29782 140836  27   5  68   0   0
34  0            0     48054452       126312     11469020    0    0     0     0 29478 142979  25   5  70   0   0
27  0            0     47066512       126312     11895240    0    0     0     0 29273 139522  26   5  69   0   0
50  1            0     45316496       126312     13314168    0    0     0     0 30748 138529  28   6  67   0   0
19  0            0     46749724       126312     12194528    0    0     0     0 27928 127936  26   5  69   0   0
24  0            0     46798552       126312     12280480    0    0     0     0 27937 131001  25   5  70   0   0
29  0            0     46617596       126312     12553384    0    0     0     0 27661 136413  24   4  72   0   0
34  0            0     46084704       126312     12959564    0    0     0     0 26461 127893  23   4  72   0   0
procs -----------------------memory---------------------- ---swap-- -----io---- -system-- --------cpu--------
 r  b         swpd         free         buff        cache   si   so    bi    bo   in   cs  us  sy  id  wa  st
27  0            0     46139004       126312     12776892    0    0     0     0 22919 114666  19   4  77   0   0
16  0            0     46088956       126312     12833372    0    0     0     0 24494 118774  22   4  73   0   0
36  0            0     45786040       126312     13216928    0    0     0     0 24816 117740  20   4  75   0   0
14  0            0     45935924       126312     12840336    0    0     0     0 24379 117823  21   4  75   0   0
32  0            0     46058312       126312     13090552    0    0     0     0 25358 120758  22   4  74   0   0
14  0            0     45889980       126312     13097588    0    0     0     0 22823 111474  20   4  76   0   0
34  0            0     44547424       126312     14114520    0    0     0     0 26847 125336  24   5  71   0   0
10  0            0     45148064       126312     13508852    0    0     0     0 21069 96116  19   4  77   0   0
26  0            0     44251572       126312     14066400    0    0     0     0 23028 108647  21   4  75   0   0
15  0            0     42793876       126312     14563316    0    0     0     0 23284 104901  22   4  73   0   0
18  1            0     44828920       126312     14141416    0    0     0     0 23922 117255  20   4  76   0   0
 5  0            0     44778448       126312     14162016    0    0     0     0 21231 101737  19   4  78   0   0
24  0            0     44354664       126312     14466496    0    0     0     0 22659 114413  18   3  79   0   0
 7  0            0     44735172       126312     14229608    0    0     0     0 21914 106030  18   4  78   0   0
21  0            0     44350548       126312     14392612    0    0     0     0 23158 116040  19   3  78   0   0
 9  0            0     44421972       126312     14360908    0    0     0     0 21233 102614  18   3  78   0   0
19  0            0     44096980       126312     14525204    0    0     0     0 23325 111667  20   4  77   0   0
30  0            0     42775020       126312     15536376    0    0     0     0 22998 112384  20   4  76   0   0
16  0            0     43848076       126312     14680756    0    0     0     0 24068 116184  20   4  76   0   0
26  0            0     40844024       126312     15529212    0    0     0     0 29165 133131  26   5  68   0   0
23  0            0     42015820       126312     15300660    0    0     0     0 26703 119927  24   5  71   0   0
procs -----------------------memory---------------------- ---swap-- -----io---- -system-- --------cpu--------
 r  b         swpd         free         buff        cache   si   so    bi    bo   in   cs  us  sy  id  wa  st
24  0            0     42456296       126312     15646176    0    0     0     0 25519 122926  22   4  73   0   0
25  0            0     40385924       126312     16086548    0    0     0     0 27971 129976  25   5  69   0   0
25  0            0     42775496       126312     15808824    0    0     0     0 26807 130247  23   5  73   0   0
30  1            0     41874700       126312     16509992    0    0     0     0 26722 127585  23   4  73   0   0
35  0            0     42121444       126312     16353816    0    0     0     0 26746 124178  24   5  71   0   0
24  0            0     42026196       126312     16523300    0    0     0     0 24474 115030  21   4  74   0   0
21  0            0     41677180       126312     16742176    0    0     0     0 25774 125226  23   4  73   0   0
26  0            0     41486792       126312     17042376    0    0     0     0 25935 124567  22   4  73   0   0
11  0            0     42053580       126312     16399268    0    0     0     0 24989 119560  22   4  74   0   0
26  0            0     39785304       126312     17002592    0    0     0     0 27098 127693  24   5  71   0   0
23  0            0     37381008       126312     18889480    0    0     0     0 26712 120179  25   5  70   0   0
25  1            0     39298240       126312     17437264    0    0     0     0 26007 121322  23   5  72   0   0
20  0            0     39594512       126312     18331724    0    0     0     0 27915 118799  27   6  66   0   0
32  1            0     39730324       126312     18565808    0    0     0     0 26112 124374  22   5  73   0   0
27  0            0     38272300       126312     19010544    0    0     0     0 27646 125622  24   5  70   0   0
30  0            0     37812864       126312     18299056    0    0     0     0 25739 115366  23   5  71   0   0
26  1            0     38525692       126312     18297944    0    0     0     0 29591 131289  28   6  65   0   0
23  1            0     39360560       126312     17880784    0    0     0     0 32239 137120  32   7  62   0   0
24  0            0     40013748       126312     18116692    0    0     0     0 26778 125926  23   5  72   0   0
31  0            0     38504556       126312     18702596    0    0     0     0 30499 141931  27   6  67   0   0
23  0            0     39515464       126312     18100352    0    0     0     0 28351 130214  25   5  69   0   0
procs -----------------------memory---------------------- ---swap-- -----io---- -system-- --------cpu--------
 r  b         swpd         free         buff        cache   si   so    bi    bo   in   cs  us  sy  id  wa  st
28  0            0     39182392       126312     18364068    0    0     0     0 26548 127937  23   4  72   0   0
27  0            0     39284016       126312     18472920    0    0     0     0 30274 142562  26   5  69   0   0
30  0            0     39030240       126312     18625532    0    0     0     0 27161 129259  23   5  72   0   0
23  0            0     40182992       126312     18031152    0    0     0     0 28452 130717  25   5  69   0   0
24  0            0     39407908       126312     18707968    0    0     0     0 29594 141575  25   5  69   0   0
16  0            0     39598916       126312     18430584    0    0     0     0 26393 126071  23   5  72   0   0
 4  0            0     40285980       126312     17927232    0    0     0     0 22823 109134  20   4  76   0   0
23  0            0     40049552       126312     18207728    0    0     0     0 28756 142561  23   5  72   0   0
21  0            0     40276152       126312     17957256    0    0     0     0 26877 132478  23   4  73   0   0
 6  0            0     39626156       126312     18410424    0    0     0     0 24005 118834  20   4  76   0   0
16  0            0     39245352       126312     18782204    0    0     0     0 27932 144069  21   4  74   0   0
35  1            0     39526520       126312     18530456    0    0     0     0 25329 125309  21   4  75   0   0
27  2            0     37963648       126312     18861292    0    0     0     0 29014 135338  26   5  68   0   0
25  0            0     39980140       126312     18024660    0    0     0     0 29029 139644  25   5  70   0   0
24  0            0     40110508       126312     17819232    0    0     0     0 25911 129093  22   4  74   0   0
33  1            0     39692564       126312     18090804    0    0     0     0 24740 118764  21   4  74   0   0
23  0            0     39650104       126312     17884464    0    0     0     0 28747 132012  26   5  68   0   0
23  0            0     40053272       126312     17788184    0    0     0     0 24509 121030  20   4  76   0   0
24  0            0     40267848       126312     17619076    0    0     0     0 25583 128015  21   4  75   0   0
28  0            0     40580760       126312     17381648    0    0     0     0 24346 122248  20   3  77   0   0
33  0            0     41035376       126312     17147816    0    0     0     0 23879 116335  20   4  77   0   0
procs -----------------------memory---------------------- ---swap-- -----io---- -system-- --------cpu--------
 r  b         swpd         free         buff        cache   si   so    bi    bo   in   cs  us  sy  id  wa  st
22  1            0     40959312       126312     17084916    0    0     0     0 23451 118101  19   3  77   0   0
21  0            0     40923676       126312     16933044    0    0     0     0 24852 125231  20   4  76   0   0
19  0            0     40946356       126312     16995612    0    0     0     0 25439 123476  21   4  75   0   0
10  0            0     40572660       126312     17180440    0    0     0     0 25185 118003  22   4  73   0   0
32  0            0     40676364       126312     17217380    0    0     0     0 25463 125485  22   4  74   0   0
22  0            0     41083144       126312     17032676    0    0     0     0 25457 122168  23   4  73   0   0
37  0            0     40954540       126312     17184540    0    0     0     0 25468 121679  23   4  73   0   0
28  0            0     38734752       126312     17214048    0    0     0     0 26817 119812  25   5  69   0   0
26  0            0     37819264       126312     17448172    0    0     0     0 24871 107359  25   5  70   0   0
16  0            0     39571968       126312     17802096    0    0     0     0 25960 118975  24   5  71   0   0
23  1            0     39570608       126312     17781384    0    0     0     0 27969 132898  24   5  71   0   0
24  0            0     39626300       126312     17712228    0    0     0     0 27205 126662  24   5  71   0   0
11  0            0     40242212       126312     17426288    0    0     0     0 26653 126551  23   5  72   0   0
30  0            0     39871200       126312     17746812    0    0     0     0 27073 133369  22   4  73   0   0
13  0            0     40424116       126312     17353452    0    0     0     0 24066 115648  21   4  75   0   0
25  0            0     40039456       126312     17511024    0    0     0     0 29237 143499  24   5  71   0   0
 3  0            0     39896052       126312     17399936    0    0     0     0 21717 106336  18   3  78   0   0
 3  0            0     39858692       126312     17405508    0    0     0     0 25324 126136  21   4  75   0   0
23  0            0     40084528       126312     17386500    0    0     0     0 24363 123790  19   3  77   0   0
21  0            0     39569956       126312     17920128    0    0     0     0 30259 139309  28   5  67   0   0
26  0            0     39557352       126312     18190804    0    0     0     0 26416 125590  24   5  71   0   0
procs -----------------------memory---------------------- ---swap-- -----io---- -system-- --------cpu--------
 r  b         swpd         free         buff        cache   si   so    bi    bo   in   cs  us  sy  id  wa  st
24  1            0     39075920       126312     18055588    0    0     0     0 24780 123254  21   4  75   0   0
19  0            0     39965832       126312     17677356    0    0     0     0 25324 125840  21   4  75   0   0
26  0            0     38167240       126312     17727372    0    0     0     0 27227 127677  24   5  72   0   0
24  0            0     40217776       126312     17652472    0    0     0     0 26354 131084  22   4  73   0   0
 8  0            0     40700916       126312     17287148    0    0     0     0 24571 117446  21   4  74   0   0
27  0            0     39739592       126312     17823064    0    0     0     0 25551 124551  21   4  74   0   0
29  0            0     39241088       126312     18391140    0    0     0     0 27073 126436  24   5  71   0   0
24  0            0     39451332       126312     17803660    0    0     0     0 28104 130405  26   5  69   0   0
27  0            0     39224320       126312     18270092    0    0     0     0 27355 131498  23   4  73   0   0
31  0            0     39935072       126312     17700712    0    0     0     0 22925 109022  20   4  76   0   0
15  0            0     40111712       126312     17377992    0    0     0     0 22659 108212  20   4  76   0   0
30  1            0     37972012       126312     19185272    0    0     0     0 27288 126539  24   5  71   0   0
23  1            0     40207688       126312     17533824    0    0     0     0 24901 117051  22   5  73   0   0
25  0            0     40690292       126312     17579796    0    0     0     0 24145 116576  20   4  76   0   0
25  0            0     40822772       126312     17268652    0    0     0     0 24548 115465  22   4  74   0   0
28  0            0     41007896       126312     16946008    0    0     0     0 23695 114457  20   4  76   0   0
31  0            0     40791608       126312     17028544    0    0     0     0 23488 111568  21   4  75   0   0
18  0            0     40834852       126312     17456676    0    0     0     0 24325 112295  22   4  73   0   0
15  0            0     39541056       126312     16792584    0    0     0     0 23518 107707  22   4  74   0   0
21  0            0     41218612       126312     16638832    0    0     0     0 24838 119704  22   4  74   0   0
27  0            0     41192348       126312     16496220    0    0     0     0 25129 118469  22   4  73   0   0
procs -----------------------memory---------------------- ---swap-- -----io---- -system-- --------cpu--------
 r  b         swpd         free         buff        cache   si   so    bi    bo   in   cs  us  sy  id  wa  st
26  0            0     41625668       126312     16241784    0    0     0     0 22756 109966  19   4  77   0   0
31  1            0     37191592       126312     17329164    0    0     0     0 23622 106448  22   4  73   0   0
12  0            0     39863980       126312     15972260    0    0     0     0 28115 128071  24   5  70   0   0
24  0            0     41856684       126312     16049512    0    0     0     0 25766 132696  20   4  76   0   0
25  0            0     41973568       126312     15935632    0    0     0     0 26528 133493  22   4  74   0   0
21  0            0     42250680       126312     15556056    0    0     0     0 26036 130396  22   4  74   0   0
23  0            0     42260396       126312     15491040    0    0     0     0 26898 131123  23   4  73   0   0
26  0            0     41596012       126312     16021204    0    0     0     0 25785 125604  22   4  74   0   0
27  0            0     42216164       126312     15411744    0    0     0     0 26292 129672  21   4  75   0   0
30  0            0     42318996       126312     15324432    0    0     0     0 26523 131860  22   4  74   0   0
23  0            0     42335996       126312     15242956    0    0     0     0 26368 131827  21   4  75   0   0
26  0            0     42573480       126312     15140992    0    0     0     0 26069 128984  21   4  74   0   0
20  0            0     43390084       126312     14039352    0    0     0     0 25806 123745  23   4  73   0   0
21  0            0     43353052       126312     14026580    0    0     0     0 26127 126990  22   4  74   0   0
24  0            0     43656352       126312     14071160    0    0     0     0 26051 126404  22   4  74   0   0
20  0            0     43944016       126312     13816336    0    0     0     0 25697 131408  21   4  75   0   0
25  0            0     43568464       126312     14165380    0    0     0     0 26275 132076  22   4  74   0   0
22  0            0     43993560       126312     13882780    0    0     0     0 27455 132893  23   5  72   0   0
32  0            0     40604408       126312     15485412    0    0     0     0 31040 140008  28   6  66   0   0
 0  0            0    177773800       126312     13881484    0    0     0     0 16543 64205  18   7  75   0   0
 0  0            0    178024132       126312     13769848    0    0     0     0  291  243   0   0 100   0   0
procs -----------------------memory---------------------- ---swap-- -----io---- -system-- --------cpu--------
 r  b         swpd         free         buff        cache   si   so    bi    bo   in   cs  us  sy  id  wa  st
 0  0            0    178141944       126312     13688988    0    0     0     0  289  228   0   0 100   0   0
 0  0            0    178231908       126312     13606888    0    0     0     0  284  227   0   0 100   0   0
 0  0            0    178357304       126312     13494044    0    0     0     0  284  225   0   0 100   0   0
 0  0            0    178465116       126312     13376904    0    0     0     0  277  226   0   0 100   0   0
 0  0            0    178553052       126312     13296996    0    0     0     0  278  225   0   0 100   0   0
 0  0            0    178757764       126312     13113096    0    0     0     0  281  223   0   0 100   0   0
 0  0            0    178549812       126312     12898084    0    0     0     0 4318 10966   0   0 100   0   0
 1  0            0    178631600       126312     12748060    0    0     0     0 7745 21439   0   0 100   0   0
 0  0            0    178679008       126312     12619716    0    0     0     0 8188 22486   0   0 100   0   0
 4  0            0    183056828       126312      7805396    0    0     0     0 7469 18806   1   0  99   0   0
